PARTE	O	O	O	O	
PRIMA	O	O	O	O	
I	O	O	O	O	
.	O	O	O	O	

—	O	O	O	O	
Perchè	O	O	O	O	
?	O	O	O	O	

esclamarono	O	O	O	O	
simultaneamente	O	O	O	O	
,	O	O	O	O	
a	O	O	O	O	
voce	O	O	O	O	
bassa	O	O	O	O	
,	O	O	O	O	
Andrea	B-PER	O	O	O	
Petrovitch	I-PER	O	O	O	
Khartof	I-PER	O	O	O	
e	O	O	O	O	
Fedor	B-PER	O	O	O	
Vassilich	I-PER	O	O	O	
Karatajeff	I-PER	O	O	O	
.	O	O	O	O	

—	O	O	O	O	
Perchè	O	O	O	O	
?	O	O	O	O	

rispose	O	O	O	O	
rattenendosi	O	O	O	O	
un	O	O	O	O	
istante	O	O	O	O	
e	O	O	O	O	
gettando	O	O	O	O	
sui	O	O	O	O	
due	O	O	O	O	
interruttori	O	O	O	O	
uno	O	O	O	O	
sguardo	O	O	O	O	
,	O	O	O	O	
dentro	O	O	O	O	
al	O	O	O	O	
quale	O	O	O	O	
passò	O	O	O	O	
come	O	O	O	O	
una	O	O	O	O	
luce	O	O	O	O	
bianca	O	O	O	O	
,	O	O	O	O	
Boris	B-PER	O	O	O	
Romanovitch	I-PER	O	O	O	
Slotkin	I-PER	O	O	O	
:	O	O	O	O	
perchè	O	O	O	O	
?	O	O	O	O	

Vi	O	O	O	O	
è	O	O	O	O	
forse	O	O	O	O	
sempre	O	O	O	O	
un	O	O	O	O	
perchè	O	O	O	O	
?	O	O	O	O	

Si	O	O	O	O	
può	O	O	O	O	
saperlo	O	O	O	O	
?	O	O	O	O	

Perchè	O	O	O	O	
tocca	O	O	O	O	
a	O	O	O	O	
noi	O	O	O	O	
questa	O	O	O	O	
grande	O	O	O	O	
battaglia	O	O	O	O	
contro	O	O	O	O	
lo	O	O	O	O	
czarismo	O	O	O	O	
,	O	O	O	O	
che	O	O	O	O	
dura	O	O	O	O	
da	O	O	O	O	
quasi	O	O	O	O	
mezzo	O	O	O	O	
secolo	O	O	O	O	
,	O	O	O	O	
e	O	O	O	O	
nella	O	O	O	O	
quale	O	O	O	O	
perdemmo	O	O	O	O	
tante	B-PER	O	O	O	
migliaia	I-PER	O	O	O	
di	I-PER	O	O	O	
martiri	I-PER	O	O	O	
?	O	O	O	O	

—	O	O	O	O	
Il	O	O	O	O	
progresso	O	O	O	O	
....	O	O	O	O	
interruppe	O	O	O	O	
con	O	O	O	O	
accento	O	O	O	O	
ironico	O	O	O	O	
Fedor	B-PER	O	O	O	
Vassilich	I-PER	O	O	O	
Karatajeff	I-PER	O	O	O	
.	O	O	O	O	

—	O	O	O	O	
Un	O	O	O	O	
'	O	O	O	O	
altra	O	O	O	O	
parola	O	O	O	O	
,	O	O	O	O	
che	O	O	O	O	
sembra	O	O	O	O	
contenere	O	O	O	O	
il	O	O	O	O	
mondo	O	O	O	O	
e	O	O	O	O	
non	O	O	O	O	
lo	O	O	O	O	
spiega	O	O	O	O	
:	O	O	O	O	
domanderesti	O	O	O	O	
tu	O	O	O	O	
all	O	O	O	O	
'	O	O	O	O	
alone	O	O	O	O	
il	O	O	O	O	
perchè	O	O	O	O	
la	O	O	O	O	
luna	O	O	O	O	
acceleri	O	O	O	O	
continuamente	O	O	O	O	
il	O	O	O	O	
proprio	O	O	O	O	
viaggio	O	O	O	O	
intorno	O	O	O	O	
alla	O	O	O	O	
terra	B-LOC	O	O	O	
?	O	O	O	O	

Il	O	O	O	O	
progresso	O	O	O	O	
spiega	O	O	O	O	
forse	O	O	O	O	
la	O	O	O	O	
meta	O	O	O	O	
della	O	O	O	O	
umanità	O	O	O	O	
?	O	O	O	O	

Verso	O	O	O	O	
la	O	O	O	O	
giustizia	O	O	O	O	
?	O	O	O	O	

Ma	O	O	O	O	
,	O	O	O	O	
e	O	O	O	O	
coloro	O	O	O	O	
che	O	O	O	O	
saranno	O	O	O	O	
morti	O	O	O	O	
prima	O	O	O	O	
?	O	O	O	O	

Perchè	O	O	O	O	
a	O	O	O	O	
Napoli	B-GPE	O	O	O	
in	O	O	O	O	
questo	O	O	O	O	
momento	O	O	O	O	
fioriscono	O	O	O	O	
gli	O	O	O	O	
aranci	O	O	O	O	
e	O	O	O	O	
nelle	O	O	O	O	
nostre	B-FAC	O	O	O	
strade	I-FAC	O	O	O	
gelano	O	O	O	O	
perfino	O	O	O	O	
i	O	O	O	O	
discorsi	O	O	O	O	
?	O	O	O	O	

Perchè	O	O	O	O	
qui	O	O	O	O	
,	O	O	O	O	
a	O	O	O	O	
Pietroburgo	B-GPE	O	O	O	
,	O	O	O	O	
la	O	O	O	O	
stufa	O	O	O	O	
deve	O	O	O	O	
sostituire	O	O	O	O	
il	O	O	O	O	
sole	O	O	O	O	
?	O	O	O	O	

Quando	O	O	O	O	
noi	O	O	O	O	
saremo	O	O	O	O	
morti	O	O	O	O	
,	O	O	O	O	
impiccati	O	O	O	O	
dopo	O	O	O	O	
un	O	O	O	O	
processo	O	O	O	O	
ancora	O	O	O	O	
più	O	O	O	O	
ridicolo	O	O	O	O	
che	O	O	O	O	
ingiusto	O	O	O	O	
,	O	O	O	O	
più	O	O	O	O	
ingiusto	O	O	O	O	
che	O	O	O	O	
bestiale	O	O	O	O	
,	O	O	O	O	
che	O	O	O	O	
differenza	O	O	O	O	
rimarrà	O	O	O	O	
fra	O	O	O	O	
i	O	O	O	O	
nostri	O	O	O	O	
cadaveri	O	O	O	O	
e	O	O	O	O	
quelli	O	O	O	O	
dei	O	O	O	O	
giudici	B-PER	O	O	O	
,	O	O	O	O	
che	O	O	O	O	
ci	O	O	O	O	
avranno	O	O	O	O	
condannati	O	O	O	O	
?	O	O	O	O	

A	O	O	O	O	
che	O	O	O	O	
ci	O	O	O	O	
servirà	O	O	O	O	
il	O	O	O	O	
progresso	O	O	O	O	
,	O	O	O	O	
nel	O	O	O	O	
quale	O	O	O	O	
tu	O	O	O	O	
speri	O	O	O	O	
?	O	O	O	O	

Chi	O	O	O	O	
ci	O	O	O	O	
dirà	O	O	O	O	
il	O	O	O	O	
perchè	O	O	O	O	
del	O	O	O	O	
nostro	O	O	O	O	
dramma	O	O	O	O	
passato	O	O	O	O	
,	O	O	O	O	
perchè	O	O	O	O	
io	O	O	O	O	
dovessi	O	O	O	O	
essere	O	O	O	O	
il	B-PER	O	O	O	
vinto	I-PER	O	O	O	
ed	O	O	O	O	
essi	O	O	O	O	
i	B-PER	O	O	O	
vincitori	I-PER	O	O	O	
?	O	O	O	O	

Chi	O	O	O	O	
ci	O	O	O	O	
dirà	O	O	O	O	
davvero	O	O	O	O	
che	O	O	O	O	
cosa	O	O	O	O	
io	O	O	O	O	
abbia	O	O	O	O	
perduto	O	O	O	O	
,	O	O	O	O	
e	O	O	O	O	
che	O	O	O	O	
cosa	O	O	O	O	
essi	O	O	O	O	
abbiano	O	O	O	O	
guadagnato	O	O	O	O	
?	O	O	O	O	

—	O	O	O	O	
Hai	O	O	O	O	
dunque	O	O	O	O	
paura	O	O	O	O	
?	O	O	O	O	

proruppe	O	O	O	O	
Fedor	B-PER	O	O	O	
deponendo	O	O	O	O	
la	O	O	O	O	
grossa	O	O	O	O	
pipa	O	O	O	O	
sul	O	O	O	O	
tavolo	O	O	O	O	
,	O	O	O	O	
ed	O	O	O	O	
allungandosi	O	O	O	O	
indolentemente	O	O	O	O	
sulla	O	O	O	O	
sedia	O	O	O	O	
.	O	O	O	O	

La	O	O	O	O	
sua	O	O	O	O	
faccia	O	O	O	O	
rossa	O	O	O	O	
,	O	O	O	O	
coi	O	O	O	O	
piccoli	O	O	O	O	
occhi	O	O	O	O	
cilestri	O	O	O	O	
e	O	O	O	O	
la	O	O	O	O	
larga	O	O	O	O	
bocca	O	O	O	O	
sensuale	O	O	O	O	
,	O	O	O	O	
aveva	O	O	O	O	
una	O	O	O	O	
sprezzante	O	O	O	O	
espressione	O	O	O	O	
di	O	O	O	O	
calma	O	O	O	O	
.	O	O	O	O	

L	B-PER	O	O	O	
'	I-PER	O	O	O	
altro	I-PER	O	O	O	
non	O	O	O	O	
rispose	O	O	O	O	
.	O	O	O	O	

Andrea	B-PER	O	O	O	
Petrovich	I-PER	O	O	O	
andò	O	O	O	O	
a	O	O	O	O	
sedersi	O	O	O	O	
al	O	O	O	O	
pianoforte	O	O	O	O	
e	O	O	O	O	
,	O	O	O	O	
toccandone	O	O	O	O	
con	O	O	O	O	
la	O	O	O	O	
mano	O	O	O	O	
sinistra	O	O	O	O	
i	O	O	O	O	
bassi	O	O	O	O	
,	O	O	O	O	
ne	O	O	O	O	
cavò	O	O	O	O	
un	O	O	O	O	
accordo	O	O	O	O	
cupo	O	O	O	O	
.	O	O	O	O	

—	O	O	O	O	
Già	O	O	O	O	
!	O	O	O	O	

esclamò	O	O	O	O	
Slotkin	B-PER	O	O	O	
:	O	O	O	O	
suona	O	O	O	O	
,	O	O	O	O	
ciò	O	O	O	O	
distrarrà	O	O	O	O	
il	B-PER	O	O	O	
dwornik	I-PER	O	O	O	
,	O	O	O	O	
e	O	O	O	O	
lo	O	O	O	O	
convincerà	O	O	O	O	
meglio	O	O	O	O	
che	O	O	O	O	
noi	O	O	O	O	
siamo	O	O	O	O	
qui	O	O	O	O	
per	O	O	O	O	
sentire	O	O	O	O	
la	O	O	O	O	
tua	O	O	O	O	
opera	O	O	O	O	
su	O	O	O	O	
Boris	B-PER	O	O	O	
Godunof	I-PER	O	O	O	
;	O	O	O	O	
e	O	O	O	O	
volgendosi	O	O	O	O	
a	O	O	O	O	
Fedor	B-PER	O	O	O	
:	O	O	O	O	
mi	O	O	O	O	
domandavi	O	O	O	O	
se	O	O	O	O	
ho	O	O	O	O	
paura	O	O	O	O	
?	O	O	O	O	

Forse	O	O	O	O	
!	O	O	O	O	

non	O	O	O	O	
quella	O	O	O	O	
della	O	O	O	O	
morte	O	O	O	O	
.	O	O	O	O	

Di	O	O	O	O	
questa	O	O	O	O	
è	O	O	O	O	
inutile	O	O	O	O	
temere	O	O	O	O	
,	O	O	O	O	
tanto	O	O	O	O	
si	O	O	O	O	
muore	O	O	O	O	
ugualmente	O	O	O	O	
:	O	O	O	O	
tutte	O	O	O	O	
le	O	O	O	O	
agonie	O	O	O	O	
si	O	O	O	O	
assomigliano	O	O	O	O	
,	O	O	O	O	
la	O	O	O	O	
loro	O	O	O	O	
differenza	O	O	O	O	
non	O	O	O	O	
è	O	O	O	O	
che	O	O	O	O	
nel	O	O	O	O	
tempo	O	O	O	O	
.	O	O	O	O	

Ora	O	O	O	O	
che	O	O	O	O	
siamo	O	O	O	O	
noi	B-PER	O	O	O	
tre	I-PER	O	O	O	
soli	I-PER	O	O	O	
,	O	O	O	O	
aspettando	O	O	O	O	
gli	B-PER	O	O	O	
altri	I-PER	O	O	O	
,	O	O	O	O	
possiamo	O	O	O	O	
dir	O	O	O	O	
tutto	O	O	O	O	
.	O	O	O	O	

—	O	O	O	O	
Hai	O	O	O	O	
paura	O	O	O	O	
,	O	O	O	O	
ripetè	O	O	O	O	
l	O	O	O	O	
'	O	O	O	O	
altro	O	O	O	O	
.	O	O	O	O	

—	O	O	O	O	
Forse	O	O	O	O	
....	O	O	O	O	
—	O	O	O	O	
Allora	O	O	O	O	
non	O	O	O	O	
parliamone	O	O	O	O	
più	O	O	O	O	
.	O	O	O	O	

Andrea	B-PER	O	O	O	
Petrovich	I-PER	O	O	O	
Kartof	I-PER	O	O	O	
stava	O	O	O	O	
seduto	O	O	O	O	
al	O	O	O	O	
pianoforte	O	O	O	O	
colle	O	O	O	O	
mani	O	O	O	O	
abbandonate	O	O	O	O	
sulle	O	O	O	O	
coscie	O	O	O	O	
e	O	O	O	O	
la	O	O	O	O	
testa	O	O	O	O	
bassa	O	O	O	O	
meditando	O	O	O	O	
;	O	O	O	O	
Fedor	B-PER	O	O	O	
Vassilich	I-PER	O	O	O	
Karatajeff	I-PER	O	O	O	
andò	O	O	O	O	
a	O	O	O	O	
guardare	O	O	O	O	
dalla	O	O	O	O	
finestra	O	O	O	O	
,	O	O	O	O	
e	O	O	O	O	
Slotkin	B-PER	O	O	O	
rimase	O	O	O	O	
presso	O	O	O	O	
al	O	O	O	O	
tavolo	O	O	O	O	
pieno	O	O	O	O	
di	O	O	O	O	
libri	O	O	O	O	
e	O	O	O	O	
di	O	O	O	O	
fascicoli	O	O	O	O	
di	O	O	O	O	
musica	O	O	O	O	
,	O	O	O	O	
in	O	O	O	O	
mezzo	O	O	O	O	
ai	O	O	O	O	
quali	O	O	O	O	
un	O	O	O	O	
grosso	O	O	O	O	
samovar	O	O	O	O	
lucente	O	O	O	O	
si	O	O	O	O	
alzava	O	O	O	O	
come	O	O	O	O	
un	O	O	O	O	
'	O	O	O	O	
urna	O	O	O	O	
.	O	O	O	O	

Nella	O	O	O	O	
camera	B-FAC	O	O	O	
vasta	I-FAC	O	O	O	
tre	O	O	O	O	
larghi	O	O	O	O	
divani	O	O	O	O	
addossati	O	O	O	O	
alle	O	O	O	O	
pareti	O	O	O	O	
sembravano	O	O	O	O	
aspettare	O	O	O	O	
gli	B-PER	O	O	O	
invitati	I-PER	O	O	O	
,	O	O	O	O	
mentre	O	O	O	O	
in	O	O	O	O	
un	O	O	O	O	
angolo	O	O	O	O	
un	O	O	O	O	
'	O	O	O	O	
alta	O	O	O	O	
stufa	O	O	O	O	
di	O	O	O	O	
ferro	O	O	O	O	
gettava	O	O	O	O	
dai	O	O	O	O	
fori	O	O	O	O	
ricamati	O	O	O	O	
dello	O	O	O	O	
sportello	O	O	O	O	
rossastri	O	O	O	O	
lampeggiamenti	O	O	O	O	
.	O	O	O	O	

Due	O	O	O	O	
tende	O	O	O	O	
di	O	O	O	O	
mussolina	O	O	O	O	
persiana	O	O	O	O	
,	O	O	O	O	
a	O	O	O	O	
fondo	O	O	O	O	
azzurro	O	O	O	O	
con	O	O	O	O	
fiori	O	O	O	O	
piccoli	O	O	O	O	
e	O	O	O	O	
bianchi	O	O	O	O	
,	O	O	O	O	
velavano	O	O	O	O	
cupamente	O	O	O	O	
la	O	O	O	O	
luce	O	O	O	O	
filtrante	O	O	O	O	
dai	O	O	O	O	
doppi	O	O	O	O	
vetri	O	O	O	O	
e	O	O	O	O	
intercettata	O	O	O	O	
da	O	O	O	O	
una	O	O	O	O	
massiccia	O	O	O	O	
scrivania	O	O	O	O	
di	O	O	O	O	
quercia	O	O	O	O	
:	O	O	O	O	
il	O	O	O	O	
pavimento	O	O	O	O	
a	O	O	O	O	
scacchi	O	O	O	O	
,	O	O	O	O	
di	O	O	O	O	
pino	O	O	O	O	
,	O	O	O	O	
tenuto	O	O	O	O	
con	O	O	O	O	
poca	O	O	O	O	
cura	O	O	O	O	
,	O	O	O	O	
era	O	O	O	O	
qua	O	O	O	O	
e	O	O	O	O	
là	O	O	O	O	
screpolato	O	O	O	O	
e	O	O	O	O	
rispondeva	O	O	O	O	
con	O	O	O	O	
sonorità	O	O	O	O	
fesse	O	O	O	O	
ad	O	O	O	O	
ogni	O	O	O	O	
passo	O	O	O	O	
;	O	O	O	O	
la	O	O	O	O	
porta	O	O	O	O	
era	O	O	O	O	
chiusa	O	O	O	O	
.	O	O	O	O	

Nell	O	O	O	O	
'	O	O	O	O	
angolo	O	O	O	O	
di	O	O	O	O	
contro	O	O	O	O	
alla	O	O	O	O	
scrivania	O	O	O	O	
,	O	O	O	O	
sopra	O	O	O	O	
un	O	O	O	O	
bacile	O	O	O	O	
di	O	O	O	O	
legno	O	O	O	O	
rosso	O	O	O	O	
e	O	O	O	O	
oro	O	O	O	O	
,	O	O	O	O	
l	O	O	O	O	
'	O	O	O	O	
enorme	O	O	O	O	
carafa	O	O	O	O	
della	O	O	O	O	
vodka	O	O	O	O	
s	O	O	O	O	
'	O	O	O	O	
ergeva	O	O	O	O	
fra	O	O	O	O	
una	O	O	O	O	
cintura	O	O	O	O	
di	O	O	O	O	
bicchieri	O	O	O	O	
a	O	O	O	O	
calice	O	O	O	O	
di	O	O	O	O	
varie	O	O	O	O	
misure	O	O	O	O	
.	O	O	O	O	

Passò	O	O	O	O	
del	O	O	O	O	
tempo	O	O	O	O	
.	O	O	O	O	

I	B-PER	O	O	O	
tre	I-PER	O	O	O	
non	O	O	O	O	
parlavano	O	O	O	O	
più	O	O	O	O	
.	O	O	O	O	

A	O	O	O	O	
un	O	O	O	O	
tratto	O	O	O	O	
Fedor	B-PER	O	O	O	
,	O	O	O	O	
che	O	O	O	O	
nascosto	O	O	O	O	
sotto	O	O	O	O	
la	O	O	O	O	
tenda	O	O	O	O	
guardava	O	O	O	O	
dalla	O	O	O	O	
finestra	O	O	O	O	
,	O	O	O	O	
disse	O	O	O	O	
:	O	O	O	O	
—	O	O	O	O	
Vengono	O	O	O	O	
:	O	O	O	O	
suona	O	O	O	O	
,	O	O	O	O	
Andrea	B-PER	O	O	O	
Petrovich	I-PER	O	O	O	
.	O	O	O	O	

Questi	O	O	O	O	
attaccò	O	O	O	O	
energicamente	O	O	O	O	
una	O	O	O	O	
marcia	O	O	O	O	
.	O	O	O	O	

—	O	O	O	O	
Quanti	O	O	O	O	
sono	O	O	O	O	
?	O	O	O	O	

—	O	O	O	O	
Martino	B-PER	O	O	O	
Ivanovich	I-PER	O	O	O	
Kepskj	I-PER	O	O	O	
,	O	O	O	O	
Sergio	B-PER	O	O	O	
Nicolaievich	I-PER	O	O	O	
Lemm	I-PER	O	O	O	
:	O	O	O	O	
Sergio	B-PER	O	O	O	
ha	O	O	O	O	
il	O	O	O	O	
violino	O	O	O	O	
.	O	O	O	O	

Vanno	O	O	O	O	
adagio	O	O	O	O	
....	O	O	O	O	
Oh	O	O	O	O	
!	O	O	O	O	

Ecco	O	O	O	O	
!	O	O	O	O	

vengono	O	O	O	O	
anche	O	O	O	O	
Michele	B-PER	O	O	O	
Ossinskj	I-PER	O	O	O	
e	O	O	O	O	
Ogareff	B-PER	O	O	O	
.	O	O	O	O	

E	O	O	O	O	
si	O	O	O	O	
ritrasse	O	O	O	O	
.	O	O	O	O	

Fedor	B-PER	O	O	O	
stringeva	O	O	O	O	
il	O	O	O	O	
crescendo	O	O	O	O	
della	O	O	O	O	
marcia	O	O	O	O	
con	O	O	O	O	
troppa	O	O	O	O	
nervosità	O	O	O	O	
alterandone	O	O	O	O	
il	O	O	O	O	
ritmo	O	O	O	O	
così	O	O	O	O	
che	O	O	O	O	
quelli	O	O	O	O	
,	O	O	O	O	
che	O	O	O	O	
stavano	O	O	O	O	
per	O	O	O	O	
arrivare	O	O	O	O	
,	O	O	O	O	
si	O	O	O	O	
fermarono	O	O	O	O	
sotto	O	O	O	O	
le	O	O	O	O	
finestre	O	O	O	O	
sorridendo	O	O	O	O	
.	O	O	O	O	

—	O	O	O	O	
È	O	O	O	O	
da	O	O	O	O	
un	O	O	O	O	
pezzo	O	O	O	O	
che	O	O	O	O	
Andrea	B-PER	O	O	O	
Petrovich	I-PER	O	O	O	
storpia	O	O	O	O	
così	O	O	O	O	
la	O	O	O	O	
propria	O	O	O	O	
marcia	O	O	O	O	
trionfale	O	O	O	O	
?	O	O	O	O	

chiese	O	O	O	O	
Dmitri	B-PER	O	O	O	
Alessandrovich	I-PER	O	O	O	
Ogareff	I-PER	O	O	O	
al	O	O	O	O	
dwornik	B-PER	O	O	O	
,	O	O	O	O	
che	O	O	O	O	
passeggiava	O	O	O	O	
in	O	O	O	O	
sentinella	O	O	O	O	
,	O	O	O	O	
secondo	O	O	O	O	
gli	O	O	O	O	
ultimi	O	O	O	O	
regolamenti	O	O	O	O	
di	O	O	O	O	
pulizia	O	O	O	O	
urbana	O	O	O	O	
,	O	O	O	O	
dinanzi	O	O	O	O	
al	O	O	O	O	
portone	O	O	O	O	
della	O	O	O	O	
vasta	B-FAC	O	O	O	
casa	I-FAC	O	O	O	
.	O	O	O	O	

—	O	O	O	O	
No	O	O	O	O	
:	O	O	O	O	
ha	O	O	O	O	
cominciato	O	O	O	O	
ora	O	O	O	O	
.	O	O	O	O	

Vorrebbe	O	O	O	O	
dirmi	O	O	O	O	
vostra	B-PER	O	O	O	
Alta	I-PER	O	O	O	
Nobiltà	I-PER	O	O	O	
quando	O	O	O	O	
la	O	O	O	O	
grande	O	O	O	O	
opera	O	O	O	O	
sarà	O	O	O	O	
finita	O	O	O	O	
?	O	O	O	O	

Mia	B-PER	O	O	O	
nipote	I-PER	O	O	O	
Catia	I-PER	O	O	O	
Ivanovna	I-PER	O	O	O	
ha	O	O	O	O	
già	O	O	O	O	
imparato	O	O	O	O	
la	O	O	O	O	
romanza	O	O	O	O	
del	O	O	O	O	
primo	O	O	O	O	
atto	O	O	O	O	
,	O	O	O	O	
che	O	O	O	O	
vostra	B-PER	O	O	O	
Alta	I-PER	O	O	O	
Nobiltà	I-PER	O	O	O	
ebbe	O	O	O	O	
la	O	O	O	O	
degnazione	O	O	O	O	
di	O	O	O	O	
trasmetterle	O	O	O	O	
per	O	O	O	O	
mano	O	O	O	O	
mia	O	O	O	O	
.	O	O	O	O	

—	O	O	O	O	
Sta	O	O	O	O	
tranquillo	O	O	O	O	
,	O	O	O	O	
mio	B-PER	O	O	O	
caro	I-PER	O	O	O	
Giacomo	I-PER	O	O	O	
Martinovich	I-PER	O	O	O	
Clemens	I-PER	O	O	O	
,	O	O	O	O	
rispose	O	O	O	O	
il	O	O	O	O	
giovane	B-PER	O	O	O	
conte	I-PER	O	O	O	
Ogareff	I-PER	O	O	O	
battendogli	O	O	O	O	
famigliarmente	O	O	O	O	
la	O	O	O	O	
mano	O	O	O	O	
sulla	O	O	O	O	
spalla	O	O	O	O	
,	O	O	O	O	
l	O	O	O	O	
'	O	O	O	O	
opera	O	O	O	O	
sarà	O	O	O	O	
finita	O	O	O	O	
entro	O	O	O	O	
l	O	O	O	O	
'	O	O	O	O	
anno	O	O	O	O	
.	O	O	O	O	

Tu	O	O	O	O	
sai	O	O	O	O	
,	O	O	O	O	
perchè	O	O	O	O	
sei	O	O	O	O	
figlio	O	B-PER	O	O	
di	O	I-PER	O	O	
cantante	B-PER	I-PER	O	O	
e	O	O	O	O	
zio	O	B-PER	O	O	
di	O	I-PER	O	O	
cantante	B-PER	I-PER	O	O	
,	O	O	O	O	
che	O	O	O	O	
un	O	O	O	O	
'	O	O	O	O	
opera	O	O	O	O	
in	O	O	O	O	
musica	O	O	O	O	
è	O	O	O	O	
un	O	O	O	O	
'	O	O	O	O	
impresa	O	O	O	O	
piena	O	O	O	O	
di	O	O	O	O	
difficoltà	O	O	O	O	
:	O	O	O	O	
il	O	O	O	O	
nostro	B-PER	O	O	O	
giovane	I-PER	O	O	O	
Andrea	I-PER	O	O	O	
Petrovich	I-PER	O	O	O	
supererà	O	O	O	O	
Glinka	B-PER	O	O	O	
,	O	O	O	O	
ma	O	O	O	O	
è	O	O	O	O	
pigro	O	O	O	O	
come	O	O	O	O	
uomo	B-PER	O	O	O	
e	O	O	O	O	
incontentabile	O	O	O	O	
come	O	O	O	O	
artista	B-PER	O	O	O	
;	O	O	O	O	
d	O	O	O	O	
'	O	O	O	O	
altronde	O	O	O	O	
Fedor	B-PER	O	O	O	
Vassilich	I-PER	O	O	O	
va	O	O	O	O	
rimutando	O	O	O	O	
ancora	O	O	O	O	
le	O	O	O	O	
scene	O	O	O	O	
del	O	O	O	O	
libretto	O	O	O	O	
.	O	O	O	O	

Ora	O	O	O	O	
andiamo	O	O	O	O	
su	O	O	O	O	
per	O	O	O	O	
concertare	O	O	O	O	
un	B-PER	O	O	O	
quintetto	I-PER	O	O	O	
.	O	O	O	O	

Debbono	O	O	O	O	
arrivare	O	O	O	O	
altri	B-PER	O	O	O	
amici	I-PER	O	O	O	
;	O	O	O	O	
uno	B-PER	O	O	O	
avrà	O	O	O	O	
seco	O	O	O	O	
il	O	O	O	O	
violoncello	O	O	O	O	
,	O	O	O	O	
l	B-PER	O	O	O	
'	I-PER	O	O	O	
altro	I-PER	O	O	O	
il	O	O	O	O	
flauto	O	O	O	O	
.	O	O	O	O	

Viva	O	O	O	O	
la	O	O	O	O	
Santa	B-GPE	O	O	O	
Russia	I-GPE	O	O	O	
,	O	O	O	O	
Giacomo	B-PER	O	O	O	
Martinovich	I-PER	O	O	O	
:	O	O	O	O	
il	O	O	O	O	
giorno	O	O	O	O	
che	O	O	O	O	
la	O	O	O	O	
Russia	B-GPE	O	O	O	
possederà	O	O	O	O	
la	O	O	O	O	
propria	O	O	O	O	
grande	O	O	O	O	
opera	O	O	O	O	
musicale	O	O	O	O	
come	O	O	O	O	
l	O	O	O	O	
'	O	O	O	O	
Italia	B-GPE	O	O	O	
,	O	O	O	O	
la	O	O	O	O	
Germania	B-GPE	O	O	O	
e	O	O	O	O	
la	O	O	O	O	
Francia	B-GPE	O	O	O	
,	O	O	O	O	
avrà	O	O	O	O	
conquistato	O	O	O	O	
sull	O	O	O	O	
'	O	O	O	O	
Europa	B-GPE	O	O	O	
il	O	O	O	O	
primato	O	O	O	O	
.	O	O	O	O	

—	O	O	O	O	
Viva	O	O	O	O	
la	O	O	O	O	
Francia	B-GPE	O	O	O	
!	O	O	O	O	

proruppe	O	O	O	O	
a	O	O	O	O	
bassa	O	O	O	O	
voce	O	O	O	O	
il	B-PER	O	O	O	
dwornik	I-PER	O	O	O	
:	O	O	O	O	
vostra	B-PER	O	O	O	
Alta	I-PER	O	O	O	
Nobiltà	I-PER	O	O	O	
conosce	O	O	O	O	
le	O	O	O	O	
mie	O	O	O	O	
opinioni	O	O	O	O	
;	O	O	O	O	
la	O	O	O	O	
Russia	B-GPE	O	O	O	
non	O	O	O	O	
ha	O	O	O	O	
che	O	O	O	O	
tre	B-PER	O	O	O	
nemici	I-PER	O	O	O	
,	O	O	O	O	
i	B-PER	O	O	O	
nichilisti	I-PER	O	O	O	
,	O	O	O	O	
i	B-PER	O	O	O	
tedeschi	I-PER	O	O	O	
e	O	O	O	O	
gli	B-PER	O	O	O	
ebrei	I-PER	O	O	O	
:	O	O	O	O	
i	B-PER	O	O	O	
nostri	I-PER	O	O	O	
migliori	I-PER	O	O	O	
amici	I-PER	O	O	O	
sono	O	O	O	O	
in	O	O	O	O	
Francia	B-GPE	O	O	O	
.	O	O	O	O	

—	O	O	O	O	
Eccoti	O	O	O	O	
per	O	O	O	O	
una	O	O	O	O	
bottiglia	O	O	O	O	
di	O	O	O	O	
champagne	O	O	O	O	
:	O	O	O	O	
la	O	O	O	O	
berrai	O	O	O	O	
alla	O	O	O	O	
gloria	O	O	O	O	
di	O	O	O	O	
Boris	B-PER	O	O	O	
Godunof	I-PER	O	O	O	
e	O	O	O	O	
al	O	O	O	O	
trionfo	O	O	O	O	
di	O	O	O	O	
tua	B-PER	O	O	O	
nipote	I-PER	O	O	O	
,	O	O	O	O	
che	O	O	O	O	
vi	O	O	O	O	
canterà	O	O	O	O	
da	O	O	O	O	
principessa	B-PER	O	O	O	
Marina	I-PER	O	O	O	
Mniscek	I-PER	O	O	O	
;	O	O	O	O	
e	O	O	O	O	
gettando	O	O	O	O	
un	O	O	O	O	
marengo	O	O	O	O	
nel	O	O	O	O	
berretto	O	O	O	O	
di	O	O	O	O	
pelo	O	O	O	O	
,	O	O	O	O	
che	O	O	O	O	
il	B-PER	O	O	O	
grosso	I-PER	O	O	O	
portinaio	I-PER	O	O	O	
fu	O	O	O	O	
pronto	O	O	O	O	
a	O	O	O	O	
trarsi	O	O	O	O	
,	O	O	O	O	
passò	O	O	O	O	
oltre	O	O	O	O	
con	O	O	O	O	
Ossinskj	B-PER	O	O	O	
.	O	O	O	O	

Ma	O	O	O	O	
sul	O	O	O	O	
limitare	O	O	O	O	
della	O	O	O	O	
porta	O	O	O	O	
si	O	O	O	O	
fermò	O	O	O	O	
,	O	O	O	O	
fingendo	O	O	O	O	
di	O	O	O	O	
accendere	O	O	O	O	
lo	O	O	O	O	
zigaro	O	O	O	O	
,	O	O	O	O	
per	O	O	O	O	
gettare	O	O	O	O	
una	O	O	O	O	
rapida	O	O	O	O	
occhiata	O	O	O	O	
lungo	O	O	O	O	
la	B-FAC	O	O	O	
strada	I-FAC	O	O	O	
a	I-FAC	O	O	O	
sinistra	I-FAC	O	O	O	
.	O	O	O	O	

Sulla	O	O	O	O	
sua	O	O	O	O	
bella	O	O	O	O	
bocca	O	O	O	O	
di	O	O	O	O	
adolescente	B-PER	O	O	O	
apparve	O	O	O	O	
un	O	O	O	O	
sorriso	O	O	O	O	
.	O	O	O	O	

—	O	O	O	O	
Ah	O	O	O	O	
!	O	O	O	O	

esclamò	O	O	O	O	
:	O	O	O	O	
ecco	O	O	O	O	
qua	O	O	O	O	
il	O	O	O	O	
violino	O	O	O	O	
col	O	O	O	O	
flauto	O	O	O	O	
.	O	O	O	O	

Mio	B-PER	O	O	O	
caro	I-PER	O	O	O	
Giacomo	I-PER	O	O	O	
Martinovich	I-PER	O	O	O	
,	O	O	O	O	
i	B-PER	O	O	O	
nostri	I-PER	O	O	O	
due	I-PER	O	O	O	
amici	I-PER	O	O	O	
sono	O	O	O	O	
puntuali	O	O	O	O	
:	O	O	O	O	
tua	B-PER	O	O	O	
nipote	I-PER	O	O	O	
,	I-PER	O	O	O	
la	I-PER	O	O	O	
bella	I-PER	O	O	O	
Catia	I-PER	O	O	O	
Ivanovna	I-PER	O	O	O	
,	O	O	O	O	
comparirà	O	O	O	O	
presto	O	O	O	O	
sulla	O	O	O	O	
scena	O	O	O	O	
del	O	O	O	O	
teatro	B-ORG	O	O	O	
imperiale	I-ORG	O	O	O	
.	O	O	O	O	

Essa	O	O	O	O	
è	O	O	O	O	
bianca	O	O	O	O	
come	O	O	O	O	
la	O	O	O	O	
nostra	O	O	O	O	
neve	O	O	O	O	
vergine	O	O	O	O	
e	O	O	O	O	
più	O	O	O	O	
bella	O	O	O	O	
delle	O	O	O	O	
nostre	O	O	O	O	
più	O	O	O	O	
belle	O	O	O	O	
sere	O	O	O	O	
,	O	O	O	O	
quando	O	O	O	O	
poco	O	O	O	O	
oltre	O	O	O	O	
mezzanotte	O	O	O	O	
spunta	O	O	O	O	
il	O	O	O	O	
sole	O	O	O	O	
.	O	O	O	O	

Tu	O	O	O	O	
amico	B-PER	O	O	O	
mio	I-PER	O	O	O	
,	I-PER	O	O	O	
Michele	I-PER	O	O	O	
Ossinskj	I-PER	O	O	O	
,	O	O	O	O	
che	O	O	O	O	
sogni	O	O	O	O	
la	O	O	O	O	
gloria	O	O	O	O	
del	O	O	O	O	
Michelangelo	B-PER	O	O	O	
italiano	I-PER	O	O	O	
,	O	O	O	O	
dovresti	O	O	O	O	
farle	O	O	O	O	
la	O	O	O	O	
statuina	O	O	O	O	
.	O	O	O	O	

—	O	O	O	O	
Se	O	O	O	O	
l	O	O	O	O	
'	O	O	O	O	
ho	O	O	O	O	
pensato	O	O	O	O	
!	O	O	O	O	

questi	O	O	O	O	
si	O	O	O	O	
rivolge	O	O	O	O	
guardando	O	O	O	O	
il	B-PER	O	O	O	
portinaio	I-PER	O	O	O	
con	O	O	O	O	
un	O	O	O	O	
sorriso	O	O	O	O	
:	O	O	O	O	
ma	O	O	O	O	
la	O	O	O	O	
bellezza	O	O	O	O	
di	O	O	O	O	
Catia	B-PER	O	O	O	
è	O	O	O	O	
ancora	O	O	O	O	
un	O	O	O	O	
mistero	O	O	O	O	
così	O	O	O	O	
per	O	O	O	O	
voi	O	O	O	O	
,	O	O	O	O	
Giacomo	B-PER	O	O	O	
Martinovitch	I-PER	O	O	O	
,	O	O	O	O	
che	O	O	O	O	
l	O	O	O	O	
'	O	O	O	O	
adorate	O	O	O	O	
,	O	O	O	O	
come	O	O	O	O	
per	O	O	O	O	
noi	O	O	O	O	
che	O	O	O	O	
la	O	O	O	O	
ammiriamo	O	O	O	O	
in	O	O	O	O	
silenzio	O	O	O	O	
;	O	O	O	O	
forse	O	O	O	O	
solamente	O	O	O	O	
l	O	O	O	O	
'	O	O	O	O	
angoscia	O	O	O	O	
della	O	O	O	O	
prima	O	O	O	O	
sera	O	O	O	O	
,	O	O	O	O	
quando	O	O	O	O	
canterà	O	O	O	O	
davanti	O	O	O	O	
al	O	O	O	O	
padre	B-PER	O	O	O	
nostro	I-PER	O	O	O	
,	O	O	O	O	
lo	O	O	O	O	
Czar	B-PER	O	O	O	
,	O	O	O	O	
potrà	O	O	O	O	
rivelare	O	O	O	O	
coll	O	O	O	O	
'	O	O	O	O	
invisibile	O	O	O	O	
bulino	O	O	O	O	
della	O	O	O	O	
passione	O	O	O	O	
il	O	O	O	O	
rilievo	O	O	O	O	
della	O	O	O	O	
sua	O	O	O	O	
maschera	O	O	O	O	
.	O	O	O	O	

—	O	O	O	O	
Maschera	O	O	O	O	
?!	O	O	O	O	

interruppe	O	O	O	O	
il	B-PER	O	O	O	
dwornik	I-PER	O	O	O	
fra	O	O	O	O	
meravigliato	O	O	O	O	
ed	O	O	O	O	
offeso	O	O	O	O	
.	O	O	O	O	

—	O	O	O	O	
Maschera	O	O	O	O	
,	O	O	O	O	
intervenne	O	O	O	O	
il	O	O	O	O	
conte	B-PER	O	O	O	
Ogareff	I-PER	O	O	O	
gittandosi	O	O	O	O	
dietro	O	O	O	O	
un	O	O	O	O	
'	O	O	O	O	
occhiata	O	O	O	O	
ai	O	O	O	O	
due	B-PER	O	O	O	
suonatori	I-PER	O	O	O	
,	O	O	O	O	
che	O	O	O	O	
avanzavano	O	O	O	O	
negligentemente	O	O	O	O	
,	O	O	O	O	
è	O	O	O	O	
una	O	O	O	O	
parola	O	O	O	O	
di	O	O	O	O	
studio	O	O	O	O	
.	O	O	O	O	

Gli	B-PER	O	O	O	
scultori	I-PER	O	O	O	
chiamano	O	O	O	O	
così	O	O	O	O	
l	O	O	O	O	
'	O	O	O	O	
impronta	O	O	O	O	
della	O	O	O	O	
fisonomia	O	O	O	O	
che	O	O	O	O	
ottengono	O	O	O	O	
col	O	O	O	O	
gesso	O	O	O	O	
.	O	O	O	O	

—	O	O	O	O	
Ah	O	O	O	O	
!	O	O	O	O	

—	O	O	O	O	
Per	O	O	O	O	
ora	O	O	O	O	
,	O	O	O	O	
seguitò	O	O	O	O	
lo	B-PER	O	O	O	
scultore	I-PER	O	O	O	
accarezzando	O	O	O	O	
il	B-PER	O	O	O	
portinaio	I-PER	O	O	O	
coll	O	O	O	O	
'	O	O	O	O	
accento	O	O	O	O	
della	O	O	O	O	
sua	O	O	O	O	
pronunzia	O	O	O	O	
di	O	O	O	O	
Piccolo	B-PER	O	O	O	
Russo	I-PER	O	O	O	
,	O	O	O	O	
dolce	O	O	O	O	
come	O	O	O	O	
il	B-PER	O	O	O	
provenzale	I-PER	O	O	O	
,	O	O	O	O	
non	O	O	O	O	
ho	O	O	O	O	
osato	O	O	O	O	
disegnare	O	O	O	O	
che	O	O	O	O	
il	O	O	O	O	
costume	O	O	O	O	
di	O	O	O	O	
vostra	B-PER	O	O	O	
nipote	I-PER	O	O	O	
per	O	O	O	O	
l	O	O	O	O	
'	O	O	O	O	
opera	O	O	O	O	
.	O	O	O	O	

Ho	O	O	O	O	
dovuto	O	O	O	O	
faticare	O	O	O	O	
,	O	O	O	O	
sapete	O	O	O	O	
,	O	O	O	O	
mio	B-PER	O	O	O	
caro	I-PER	O	O	O	
,	O	O	O	O	
proseguì	O	O	O	O	
prendendolo	O	O	O	O	
famigliarmente	O	O	O	O	
per	O	O	O	O	
un	O	O	O	O	
bottone	O	O	O	O	
dell	O	O	O	O	
'	O	O	O	O	
abito	O	O	O	O	
;	O	O	O	O	
tutte	O	O	O	O	
le	O	O	O	O	
opere	O	O	O	O	
di	O	O	O	O	
Kostomarof	B-PER	O	O	O	
e	O	O	O	O	
di	O	O	O	O	
Solovief	B-PER	O	O	O	
non	O	O	O	O	
mi	O	O	O	O	
hanno	O	O	O	O	
bastato	O	O	O	O	
:	O	O	O	O	
lo	O	O	O	O	
studio	O	O	O	O	
delle	O	O	O	O	
sante	O	O	O	O	
iconi	O	O	O	O	
di	O	O	O	O	
Roublef	B-PER	O	O	O	
,	I-PER	O	O	O	
il	I-PER	O	O	O	
nostro	I-PER	O	O	O	
grande	I-PER	O	O	O	
pittore	I-PER	O	O	O	
,	O	O	O	O	
aggiunse	O	O	O	O	
ammiccando	O	O	O	O	
degli	O	O	O	O	
occhi	O	O	O	O	
perchè	O	O	O	O	
il	B-PER	O	O	O	
dwornik	I-PER	O	O	O	
era	O	O	O	O	
un	O	B-PER	O	O	
settario	O	I-PER	O	O	
del	O	I-PER	O	O	
Raskol	B-PER	I-PER	O	O	
e	O	O	O	O	
facendogli	O	O	O	O	
colle	O	O	O	O	
due	O	O	O	O	
dita	O	O	O	O	
un	O	O	O	O	
invisibile	O	O	O	O	
segno	O	O	O	O	
di	O	O	O	O	
croce	O	O	O	O	
,	O	O	O	O	
contrassegno	O	O	O	O	
e	O	O	O	O	
simbolo	O	O	O	O	
della	O	O	O	O	
setta	O	O	O	O	
,	O	O	O	O	
mi	O	O	O	O	
ha	O	O	O	O	
giovato	O	O	O	O	
un	O	O	O	O	
po	O	O	O	O	
'	O	O	O	O	
più	O	O	O	O	
,	O	O	O	O	
e	O	O	O	O	
nullameno	O	O	O	O	
è	O	O	O	O	
insufficiente	O	O	O	O	
.	O	O	O	O	

Al	O	O	O	O	
museo	O	B-FAC	O	O	
etnografico	O	I-FAC	O	O	
Dachof	O	I-FAC	O	O	
di	O	I-FAC	O	O	
Mosca	B-GPE	I-FAC	O	O	
la	O	O	O	O	
raccolta	O	O	O	O	
dei	O	O	O	O	
vestiti	O	O	O	O	
russi	O	O	O	O	
antichi	O	O	O	O	
non	O	O	O	O	
serve	O	O	O	O	
a	O	O	O	O	
nulla	O	O	O	O	
;	O	O	O	O	
però	O	O	O	O	
vedrete	O	O	O	O	
come	O	O	O	O	
sarà	O	O	O	O	
Catia	B-PER	O	O	O	
.	O	O	O	O	

La	O	O	O	O	
vogliamo	O	O	O	O	
irresistibilmente	O	O	O	O	
bella	O	O	O	O	
per	O	O	O	O	
quella	O	O	O	O	
sera	O	O	O	O	
:	O	O	O	O	
sarà	O	O	O	O	
l	O	O	O	O	
'	O	O	O	O	
immagine	O	O	O	O	
della	O	O	O	O	
nostra	O	O	O	O	
Russia	B-GPE	O	O	O	
,	O	O	O	O	
della	O	O	O	O	
nuova	O	O	O	O	
musica	O	O	O	O	
e	O	O	O	O	
della	O	O	O	O	
nuova	O	O	O	O	
scultura	O	O	O	O	
:	O	O	O	O	
la	O	O	O	O	
bellezza	O	O	O	O	
del	O	O	O	O	
corpo	O	O	O	O	
come	O	O	O	O	
espressione	O	O	O	O	
di	O	O	O	O	
quella	O	O	O	O	
dell	O	O	O	O	
'	O	O	O	O	
anima	O	O	O	O	
.	O	O	O	O	

Intanto	O	O	O	O	
che	O	O	O	O	
il	B-PER	O	O	O	
portinaio	I-PER	O	O	O	
,	O	O	O	O	
arrossendo	O	O	O	O	
di	O	O	O	O	
piacere	O	O	O	O	
a	O	O	O	O	
questi	O	O	O	O	
complimenti	O	O	O	O	
,	O	O	O	O	
voltava	O	O	O	O	
le	O	O	O	O	
spalle	O	O	O	O	
alla	O	O	O	O	
strada	O	O	O	O	
,	O	O	O	O	
i	B-PER	O	O	O	
due	I-PER	O	O	O	
suonatori	I-PER	O	O	O	
erano	O	O	O	O	
già	O	O	O	O	
arrivati	O	O	O	O	
,	O	O	O	O	
e	O	O	O	O	
ad	O	O	O	O	
un	O	O	O	O	
gesto	O	O	O	O	
rapidissimo	O	O	O	O	
del	O	O	O	O	
conte	B-PER	O	O	O	
Ogareff	I-PER	O	O	O	
,	O	O	O	O	
avevano	O	O	O	O	
risposto	O	O	O	O	
con	O	O	O	O	
un	O	O	O	O	
cenno	O	O	O	O	
negativo	O	O	O	O	
.	O	O	O	O	

—	O	O	O	O	
Mio	O	O	B-PER	O	
caro	O	O	I-PER	O	
dwornik	O	O	I-PER	O	
,	O	O	I-PER	O	
primo	O	O	I-PER	O	
dwornik	O	O	I-PER	O	
di	O	O	I-PER	O	
Pietroburgo	B-GPE	O	I-PER	O	
,	O	O	I-PER	O	
zio	O	O	I-PER	O	
della	O	O	I-PER	O	
bella	O	B-PER	I-PER	O	
Catia	O	I-PER	I-PER	O	
Ivanovna	O	I-PER	I-PER	O	
,	O	I-PER	I-PER	O	
la	O	I-PER	I-PER	O	
futura	O	I-PER	I-PER	O	
Adelina	B-PER	I-PER	I-PER	O	
Patti	I-PER	I-PER	I-PER	O	
della	O	I-PER	I-PER	O	
Santa	B-GPE	I-PER	I-PER	O	
Russia	I-GPE	I-PER	I-PER	O	
,	O	O	O	O	
proruppe	O	O	O	O	
con	O	O	O	O	
un	O	O	O	O	
accento	O	O	O	O	
gaio	O	O	O	O	
il	O	O	O	O	
conte	B-PER	O	O	O	
Ogareff	I-PER	O	O	O	
,	O	O	O	O	
la	O	O	O	O	
musica	O	O	O	O	
purifica	O	O	O	O	
l	O	O	O	O	
'	O	O	O	O	
anima	O	O	O	O	
ma	O	O	O	O	
asciugando	O	O	O	O	
il	O	O	O	O	
corpo	O	O	O	O	
.	O	O	O	O	

Eccoti	O	O	O	O	
un	O	O	O	O	
biglietto	O	O	O	O	
da	O	O	O	O	
venticinque	O	O	O	O	
rubli	O	O	O	O	
:	O	O	O	O	
comprerai	O	O	O	O	
alla	O	O	O	O	
bottiglieria	B-FAC	O	O	O	
francese	I-FAC	O	O	O	
Drummond	I-FAC	O	O	O	
et	I-FAC	O	O	O	
Fils	I-FAC	O	O	O	
quattro	O	O	O	O	
bottiglie	O	O	O	O	
di	O	O	O	O	
Sauterne	O	O	O	O	
,	O	O	O	O	
quindi	O	O	O	O	
passa	O	O	O	O	
da	O	O	O	O	
papà	B-PER	O	O	O	
Razumikhine	I-PER	O	O	O	
,	O	O	O	O	
lo	O	O	O	O	
conosci	O	O	O	O	
eh	O	O	O	O	
!	O	O	O	O	

fatti	O	O	O	O	
dare	O	O	O	O	
una	O	O	O	O	
grande	O	O	O	O	
carafa	O	O	O	O	
di	O	O	O	O	
vodka	O	O	O	O	
di	O	O	O	O	
Odessa	O	O	O	O	
.	O	O	O	O	

Ci	O	O	O	O	
porterai	O	O	O	O	
su	O	O	O	O	
tutto	O	O	O	O	
;	O	O	O	O	
oggi	O	O	O	O	
è	O	O	O	O	
gran	O	O	O	O	
prova	O	O	O	O	
.	O	O	O	O	

—	O	O	O	O	
Vostra	B-PER	O	O	O	
Alta	I-PER	O	O	O	
Nobiltà	I-PER	O	O	O	
mi	O	O	O	O	
permetterà	O	O	O	O	
di	O	O	O	O	
venire	O	O	O	O	
ad	O	O	O	O	
ascoltare	O	O	O	O	
un	O	O	O	O	
pezzo	O	O	O	O	
,	O	O	O	O	
solamente	O	O	O	O	
uno	O	O	O	O	
?	O	O	O	O	

—	O	O	O	O	
No	O	O	O	O	
per	O	O	O	O	
San	B-PER	O	O	O	
Sergio	I-PER	O	O	O	
:	O	O	O	O	
ti	O	O	O	O	
conosco	O	O	O	O	
,	O	O	O	O	
vecchio	B-PER	O	O	O	
mio	I-PER	O	O	O	
,	O	O	O	O	
lo	O	O	O	O	
diresti	O	O	O	O	
alla	O	O	O	O	
bella	B-PER	O	O	O	
Catia	I-PER	O	O	O	
;	O	O	O	O	
e	O	O	O	O	
il	O	O	O	O	
conte	B-PER	O	O	O	
Ogareff	I-PER	O	O	O	
volgendosi	O	O	O	O	
ai	O	O	O	O	
due	B-PER	O	O	O	
nuovi	I-PER	O	O	O	
arrivati	I-PER	O	O	O	
:	O	O	O	O	
su	O	O	O	O	
dunque	O	O	O	O	
,	O	O	O	O	
voi	B-PER	O	O	O	
altri	I-PER	O	O	O	
;	O	O	O	O	
e	O	O	O	O	
tu	O	O	O	O	
,	O	O	O	O	
Giacomo	B-PER	O	O	O	
,	O	O	O	O	
tira	O	O	O	O	
via	O	O	O	O	
e	O	O	O	O	
più	O	O	O	O	
che	O	O	O	O	
al	O	O	O	O	
passo	O	O	O	O	
.	O	O	O	O	

Io	O	O	O	O	
stesso	O	O	O	O	
starò	O	O	O	O	
ad	O	O	O	O	
aspettarti	O	O	O	O	
facendo	O	O	O	O	
la	O	O	O	O	
tua	O	O	O	O	
fazione	O	O	O	O	
.	O	O	O	O	

Un	O	O	O	O	
sorriso	O	O	O	O	
passò	O	O	O	O	
negli	O	O	O	O	
occhi	O	O	O	O	
dei	O	O	O	O	
tre	B-PER	O	O	O	
giovani	I-PER	O	O	O	
,	O	O	O	O	
ma	O	O	O	O	
il	B-PER	O	O	O	
dwornik	I-PER	O	O	O	
,	O	O	O	O	
già	O	O	O	O	
ubbriacato	O	O	O	O	
dai	O	O	O	O	
complimenti	O	O	O	O	
alla	O	O	O	O	
nipote	B-PER	O	O	O	
e	O	O	O	O	
dal	O	O	O	O	
danaro	O	O	O	O	
regalatogli	O	O	O	O	
,	O	O	O	O	
non	O	O	O	O	
se	O	O	O	O	
ne	O	O	O	O	
avvide	O	O	O	O	
.	O	O	O	O	

—	O	O	O	O	
Farò	O	O	O	O	
presto	O	O	O	O	
.	O	O	O	O	

—	O	O	O	O	
Lo	O	O	O	O	
spero	O	O	O	O	
bene	O	O	O	O	
:	O	O	O	O	
non	O	O	O	O	
voglio	O	O	O	O	
andare	O	O	O	O	
per	O	O	O	O	
te	O	O	O	O	
in	O	O	O	O	
prigione	B-FAC	O	O	O	
,	O	O	O	O	
se	O	O	O	O	
passerà	O	O	O	O	
la	B-PER	O	O	O	
guardia	I-PER	O	O	O	
.	O	O	O	O	

La	B-FAC	O	O	O	
grande	I-FAC	O	O	O	
casa	I-FAC	O	O	O	
a	I-FAC	O	O	O	
quattro	I-FAC	O	O	O	
piani	I-FAC	O	O	O	
,	O	O	O	O	
bucherellata	O	O	O	O	
da	O	O	O	O	
una	O	O	O	O	
infinità	O	O	O	O	
di	O	O	O	O	
finestre	O	O	O	O	
,	O	O	O	O	
era	O	O	O	O	
più	O	O	O	O	
bianca	O	O	O	O	
di	O	O	O	O	
quella	O	O	O	O	
prima	O	O	O	O	
neve	O	O	O	O	
distesa	O	O	O	O	
sulla	O	O	O	O	
strada	B-FAC	O	O	O	
come	O	O	O	O	
una	O	O	O	O	
grossa	O	O	O	O	
sabbia	O	O	O	O	
,	O	O	O	O	
e	O	O	O	O	
sulla	O	O	O	O	
quale	O	O	O	O	
l	O	O	O	O	
'	O	O	O	O	
orina	O	O	O	O	
dei	O	O	O	O	
cavalli	O	O	O	O	
e	O	O	O	O	
l	O	O	O	O	
'	O	O	O	O	
orma	O	O	O	O	
delle	O	O	O	O	
scarpe	O	O	O	O	
avevano	O	O	O	O	
già	O	O	O	O	
lasciato	O	O	O	O	
frequenti	O	O	O	O	
macchie	O	O	O	O	
disgustose	O	O	O	O	
.	O	O	O	O	

La	B-FAC	O	O	O	
strada	I-FAC	O	O	O	
,	I-FAC	O	O	O	
nè	I-FAC	O	O	O	
larga	I-FAC	O	O	O	
nè	I-FAC	O	O	O	
lunga	I-FAC	O	O	O	
,	O	O	O	O	
pareva	O	O	O	O	
soffocare	O	O	O	O	
sotto	O	O	O	O	
il	O	O	O	O	
cielo	O	O	O	O	
di	O	O	O	O	
un	O	O	O	O	
turchino	O	O	O	O	
plumbeo	O	O	O	O	
,	O	O	O	O	
davanti	O	O	O	O	
al	O	O	O	O	
quale	O	O	O	O	
gli	O	O	O	O	
occhi	O	O	O	O	
si	O	O	O	O	
abbassavano	O	O	O	O	
involontariamente	O	O	O	O	
,	O	O	O	O	
e	O	O	O	O	
oltre	O	O	O	O	
il	O	O	O	O	
quale	O	O	O	O	
nessuna	O	O	O	O	
immaginazione	O	O	O	O	
avrebbe	O	O	O	O	
potuto	O	O	O	O	
cercare	O	O	O	O	
i	O	O	O	O	
fantasmi	O	O	O	O	
vaganti	O	O	O	O	
dietro	O	O	O	O	
l	O	O	O	O	
'	O	O	O	O	
azzurro	O	O	O	O	
di	O	O	O	O	
tutti	O	O	O	O	
i	O	O	O	O	
cieli	O	O	O	O	
meridionali	O	O	O	O	
.	O	O	O	O	

Il	O	O	O	O	
freddo	O	O	O	O	
era	O	O	O	O	
intenso	O	O	O	O	
,	O	O	O	O	
benchè	O	O	O	O	
l	O	O	O	O	
'	O	O	O	O	
inverno	O	O	O	O	
non	O	O	O	O	
fosse	O	O	O	O	
ancora	O	O	O	O	
incominciato	O	O	O	O	
.	O	O	O	O	

Il	O	O	O	O	
giovane	B-PER	O	O	O	
Conte	I-PER	O	O	O	
Ogareff	I-PER	O	O	O	
,	O	O	O	O	
ravvolto	O	O	O	O	
in	O	O	O	O	
una	O	O	O	O	
ricca	O	O	O	O	
pelliccia	O	O	O	O	
di	O	O	O	O	
volpe	O	O	O	O	
turchina	O	O	O	O	
,	O	O	O	O	
coll	O	O	O	O	
'	O	O	O	O	
ampio	O	O	O	O	
bavero	O	O	O	O	
abbassato	O	O	O	O	
e	O	O	O	O	
un	O	O	O	O	
piccolo	O	O	O	O	
berretto	O	O	O	O	
di	O	O	O	O	
astracane	O	O	O	O	
sulla	O	O	O	O	
testa	O	O	O	O	
bionda	O	O	O	O	
,	O	O	O	O	
ricciuta	O	O	O	O	
e	O	O	O	O	
brinata	O	O	O	O	
dal	O	O	O	O	
gelo	O	O	O	O	
,	O	O	O	O	
era	O	O	O	O	
rimasto	O	O	O	O	
nel	O	O	O	O	
mezzo	O	O	O	O	
della	O	O	O	O	
porta	O	O	O	O	
guardando	O	O	O	O	
con	O	O	O	O	
calma	O	O	O	O	
affettata	O	O	O	O	
a	O	O	O	O	
dritta	O	O	O	O	
e	O	O	O	O	
a	O	O	O	O	
sinistra	O	O	O	O	
.	O	O	O	O	

Mostrava	O	O	O	O	
poco	O	O	O	O	
più	O	O	O	O	
di	O	O	O	O	
vent	O	O	O	O	
'	O	O	O	O	
anni	O	O	O	O	
:	O	O	O	O	
aveva	O	O	O	O	
l	O	O	O	O	
'	O	O	O	O	
aria	O	O	O	O	
oltremodo	O	O	O	O	
signorile	O	O	O	O	
,	O	O	O	O	
e	O	O	O	O	
l	O	O	O	O	
'	O	O	O	O	
eleganza	O	O	O	O	
del	O	O	O	O	
suo	O	O	O	O	
corpo	O	O	O	O	
s	O	O	O	O	
'	O	O	O	O	
indovinava	O	O	O	O	
anche	O	O	O	O	
dentro	O	O	O	O	
quella	O	O	O	O	
grossa	O	O	O	O	
pelliccia	O	O	O	O	
,	O	O	O	O	
lunga	O	O	O	O	
sino	O	O	O	O	
a	O	O	O	O	
mezzo	O	O	O	O	
gli	O	O	O	O	
stivali	O	O	O	O	
e	O	O	O	O	
chiusa	O	O	O	O	
da	O	O	O	O	
alamari	O	O	O	O	
di	O	O	O	O	
seta	O	O	O	O	
,	O	O	O	O	
sotto	O	O	O	O	
ai	O	O	O	O	
quali	O	O	O	O	
correva	O	O	O	O	
un	O	O	O	O	
doppio	O	O	O	O	
orlo	O	O	O	O	
di	O	O	O	O	
pelo	O	O	O	O	
.	O	O	O	O	

I	O	O	O	O	
suoi	O	O	O	O	
stivali	O	O	O	O	
,	O	O	O	O	
di	O	O	O	O	
pelle	O	O	O	O	
lucida	O	O	O	O	
impermeabile	O	O	O	O	
,	O	O	O	O	
calzavano	O	O	O	O	
un	O	O	O	O	
piede	O	O	O	O	
di	O	O	O	O	
donna	B-PER	O	O	O	
:	O	O	O	O	
nella	O	O	O	O	
mano	O	O	O	O	
nascosta	O	O	O	O	
da	O	O	O	O	
un	O	O	O	O	
forte	O	O	O	O	
guanto	O	O	O	O	
di	O	O	O	O	
camoscio	O	O	O	O	
foderato	O	O	O	O	
di	O	O	O	O	
pelo	O	O	O	O	
nero	O	O	O	O	
,	O	O	O	O	
che	O	O	O	O	
chiudeva	O	O	O	O	
col	O	O	O	O	
proprio	O	O	O	O	
orlo	O	O	O	O	
il	O	O	O	O	
piccolo	O	O	O	O	
vano	O	O	O	O	
lasciato	O	O	O	O	
dai	O	O	O	O	
polsini	O	O	O	O	
della	O	O	O	O	
camicia	O	O	O	O	
sotto	O	O	O	O	
le	O	O	O	O	
maniche	O	O	O	O	
della	O	O	O	O	
pelliccia	O	O	O	O	
,	O	O	O	O	
stringeva	O	O	O	O	
una	O	O	O	O	
piccola	O	O	O	O	
canna	O	O	O	O	
dal	O	O	O	O	
pomo	O	O	O	O	
d	O	O	O	O	
'	O	O	O	O	
oro	O	O	O	O	
.	O	O	O	O	

Fece	O	O	O	O	
qualche	O	O	O	O	
passo	O	O	O	O	
nell	O	O	O	O	
'	O	O	O	O	
atrio	O	O	O	O	
.	O	O	O	O	

La	O	B-PER	O	O	
moglie	O	I-PER	O	O	
del	O	I-PER	O	O	
portinaio	B-PER	I-PER	O	O	
era	O	O	O	O	
assente	O	O	O	O	
,	O	O	O	O	
o	O	O	O	O	
sepolta	O	O	O	O	
nella	O	O	O	O	
seconda	B-FAC	O	O	O	
stanza	I-FAC	O	O	O	
presso	O	O	O	O	
la	O	O	O	O	
stufa	O	O	O	O	
non	O	O	O	O	
si	O	O	O	O	
mostrava	O	O	O	O	
.	O	O	O	O	

Ogni	O	O	O	O	
tanto	O	O	O	O	
qualche	O	O	O	O	
accordo	O	O	O	O	
di	O	O	O	O	
pianoforte	O	O	O	O	
e	O	O	O	O	
di	O	O	O	O	
violino	O	O	O	O	
scendeva	O	O	O	O	
dalle	O	O	O	O	
camere	O	B-FAC	O	O	
del	O	I-FAC	O	O	
secondo	B-FAC	I-FAC	O	O	
piano	I-FAC	I-FAC	O	O	
,	O	O	O	O	
ove	O	O	O	O	
stavano	O	O	O	O	
raccolti	O	O	O	O	
gli	B-PER	O	O	O	
amici	I-PER	O	O	O	
per	O	O	O	O	
la	O	O	O	O	
grande	O	O	O	O	
opera	O	O	O	O	
di	O	O	O	O	
Andrea	B-PER	O	O	O	
Petrovich	I-PER	O	O	O	
su	O	O	O	O	
Boris	B-PER	O	O	O	
Godunof	I-PER	O	O	O	
;	O	O	O	O	
ma	O	O	O	O	
o	O	O	O	O	
attendessero	O	O	O	O	
altri	B-PER	O	O	O	
,	O	O	O	O	
o	O	O	O	O	
volessero	O	O	O	O	
assaggiar	O	O	O	O	
le	O	O	O	O	
bottiglie	O	O	O	O	
prima	O	O	O	O	
di	O	O	O	O	
cominciare	O	O	O	O	
la	O	O	O	O	
prova	O	O	O	O	
,	O	O	O	O	
nessun	O	O	O	O	
pezzo	O	O	O	O	
vero	O	O	O	O	
era	O	O	O	O	
stato	O	O	O	O	
ancora	O	O	O	O	
suonato	O	O	O	O	
.	O	O	O	O	

I	B-PER	O	O	O	
radi	I-PER	O	O	O	
passanti	I-PER	O	O	O	
trottarellavano	O	O	O	O	
entro	O	O	O	O	
le	O	O	O	O	
pelliccie	O	O	O	O	
,	O	O	O	O	
col	O	O	O	O	
bavero	O	O	O	O	
rialzato	O	O	O	O	
e	O	O	O	O	
il	O	O	O	O	
berretto	O	O	O	O	
sugli	O	O	O	O	
occhi	O	O	O	O	
,	O	O	O	O	
facendo	O	O	O	O	
stridere	O	O	O	O	
la	O	O	O	O	
neve	O	O	O	O	
o	O	O	O	O	
sollevandola	O	O	O	O	
ad	O	O	O	O	
ogni	O	O	O	O	
passo	O	O	O	O	
come	O	O	O	O	
una	O	O	O	O	
polvere	O	O	O	O	
greve	O	O	O	O	
:	O	O	O	O	
s	O	O	O	O	
'	O	O	O	O	
affrettavano	O	O	O	O	
lungo	O	O	O	O	
i	B-FAC	O	O	O	
muri	I-FAC	O	O	O	
in	I-FAC	O	O	O	
silenzio	I-FAC	O	O	O	
;	O	O	O	O	
appena	O	O	O	O	
qualche	O	O	O	O	
saluto	O	O	O	O	
e	O	O	O	O	
qualche	O	O	O	O	
parola	O	O	O	O	
.	O	O	O	O	

Dirimpetto	O	O	O	O	
all	O	O	O	O	
'	O	O	O	O	
enorme	B-FAC	O	O	O	
casa	I-FAC	O	O	O	
un	O	O	O	O	
'	O	O	O	O	
altra	O	O	O	O	
se	O	O	O	O	
ne	O	O	O	O	
alzava	O	O	O	O	
egualmente	O	O	O	O	
silenziosa	O	O	O	O	
e	O	O	O	O	
senza	O	O	O	O	
botteghe	B-FAC	O	O	O	
.	O	O	O	O	

Un	O	O	O	O	
landau	O	O	O	O	
chiuso	O	O	O	O	
passò	O	O	O	O	
al	O	O	O	O	
trotto	O	O	O	O	
di	O	O	O	O	
due	O	O	O	O	
vigorosi	O	O	O	O	
cavalli	O	O	O	O	
neri	O	O	O	O	
:	O	O	O	O	
l	O	O	O	O	
'	O	O	O	O	
alito	O	O	O	O	
delle	O	O	O	O	
loro	O	O	O	O	
bocche	O	O	O	O	
saliva	O	O	O	O	
nell	O	O	O	O	
'	O	O	O	O	
aria	O	O	O	O	
come	O	O	O	O	
un	O	O	O	O	
fumo	O	O	O	O	
;	O	O	O	O	
una	O	O	O	O	
forma	O	O	O	O	
bianca	O	O	O	O	
si	O	O	O	O	
era	O	O	O	O	
piegata	O	O	O	O	
un	O	O	O	O	
istante	O	O	O	O	
agli	O	O	O	O	
sportelli	O	O	O	O	
per	O	O	O	O	
guardare	O	O	O	O	
il	B-PER	O	O	O	
bel	I-PER	O	O	O	
giovane	I-PER	O	O	O	
,	O	O	O	O	
che	O	O	O	O	
fumava	O	O	O	O	
una	O	O	O	O	
sigaretta	O	O	O	O	
dondolandosi	O	O	O	O	
elegantemente	O	O	O	O	
sugli	O	O	O	O	
stivali	O	O	O	O	
.	O	O	O	O	

Poi	O	O	O	O	
altre	B-VEH	O	O	O	
carrette	I-VEH	O	O	O	
,	O	O	O	O	
due	B-PER	O	O	O	
drowski	I-PER	O	O	O	
seguirono	O	O	O	O	
;	O	O	O	O	
una	B-VEH	O	O	O	
slitta	I-VEH	O	O	O	
scivolò	O	O	O	O	
agitando	O	O	O	O	
nell	O	O	O	O	
'	O	O	O	O	
aria	O	O	O	O	
la	O	O	O	O	
propria	O	O	O	O	
campana	O	O	O	O	
,	O	O	O	O	
coi	O	O	O	O	
cavalli	O	O	O	O	
come	O	O	O	O	
spaventati	O	O	O	O	
.	O	O	O	O	

La	O	O	O	O	
sera	O	O	O	O	
non	O	O	O	O	
era	O	O	O	O	
lontana	O	O	O	O	
.	O	O	O	O	

Quell	O	O	O	O	
'	O	O	O	O	
attesa	O	O	O	O	
cominciava	O	O	O	O	
ad	O	O	O	O	
irritare	O	O	O	O	
il	B-PER	O	O	O	
bel	I-PER	O	O	O	
giovane	I-PER	O	O	O	
:	O	O	O	O	
sul	O	O	O	O	
suo	O	O	O	O	
viso	O	O	O	O	
,	O	O	O	O	
che	O	O	O	O	
avrebbe	O	O	O	O	
voluto	O	O	O	O	
mantenersi	O	O	O	O	
calmo	O	O	O	O	
,	O	O	O	O	
passavano	O	O	O	O	
a	O	O	O	O	
volta	O	O	O	O	
a	O	O	O	O	
volta	O	O	O	O	
impazienze	O	O	O	O	
quasi	O	O	O	O	
di	O	O	O	O	
paura	O	O	O	O	
.	O	O	O	O	

Tornò	O	O	O	O	
nell	O	O	O	O	
'	O	O	O	O	
atrio	B-FAC	O	O	O	
,	O	O	O	O	
s	O	O	O	O	
'	O	O	O	O	
accostò	O	O	O	O	
al	O	O	O	O	
casotto	B-FAC	O	O	O	
della	I-FAC	O	O	O	
portineria	I-FAC	O	O	O	
,	O	O	O	O	
spiò	O	O	O	O	
:	O	O	O	O	
nessuno	B-PER	O	O	O	
!	O	O	O	O	

Cinque	B-PER	O	O	O	
o	I-PER	O	O	O	
sei	I-PER	O	O	O	
inquilini	I-PER	O	O	O	
lo	O	O	O	O	
salutarono	O	O	O	O	
rispettosamente	O	O	O	O	
nell	O	O	O	O	
'	O	O	O	O	
uscire	O	O	O	O	
cercando	O	O	O	O	
non	O	O	O	O	
senza	O	O	O	O	
meraviglia	O	O	O	O	
il	B-PER	O	O	O	
dwornik	I-PER	O	O	O	
cogli	O	O	O	O	
occhi	O	O	O	O	
:	O	O	O	O	
alcuni	B-PER	O	O	O	
altri	I-PER	O	O	O	
non	O	O	O	O	
furono	O	O	O	O	
meno	O	O	O	O	
sorpresi	O	O	O	O	
di	O	O	O	O	
non	O	O	O	O	
scorgerlo	O	O	O	O	
rientrando	O	O	O	O	
.	O	O	O	O	

Finalmente	O	O	O	O	
,	O	O	O	O	
al	O	O	O	O	
secondo	B-FAC	O	O	O	
piano	I-FAC	O	O	O	
,	O	O	O	O	
un	O	O	O	O	
accordo	O	O	O	O	
più	O	O	O	O	
vigoroso	O	O	O	O	
parve	O	O	O	O	
preludere	O	O	O	O	
a	O	O	O	O	
un	O	O	O	O	
pezzo	O	O	O	O	
d	O	O	O	O	
'	O	O	O	O	
opera	O	O	O	O	
;	O	O	O	O	
egli	O	O	O	O	
uscì	O	O	O	O	
,	O	O	O	O	
tornò	O	O	O	O	
a	O	O	O	O	
passeggiare	O	O	O	O	
sulla	O	O	O	O	
strada	B-FAC	O	O	O	
fermandosi	O	O	O	O	
sotto	O	O	O	O	
le	O	O	O	O	
finestre	O	O	O	O	
;	O	O	O	O	
guardò	O	O	O	O	
il	O	O	O	O	
proprio	O	O	O	O	
grosso	O	O	O	O	
orologio	O	O	O	O	
d	O	O	O	O	
'	O	O	O	O	
oro	O	O	O	O	
a	O	O	O	O	
remontoir	O	O	O	O	
.	O	O	O	O	

Quando	O	O	O	O	
Giacomo	B-PER	O	O	O	
spuntò	O	O	O	O	
all	O	O	O	O	
'	O	O	O	O	
angolo	O	O	O	O	
con	O	O	O	O	
due	O	O	O	O	
grandi	O	O	O	O	
fagotti	O	O	O	O	
,	O	O	O	O	
uno	O	O	O	O	
nella	O	O	O	O	
mano	O	O	O	O	
e	O	O	O	O	
l	O	O	O	O	
'	O	O	O	O	
altro	O	O	O	O	
sotto	O	O	O	O	
il	O	O	O	O	
braccio	O	O	O	O	
sinistro	O	O	O	O	
,	O	O	O	O	
il	B-PER	O	O	O	
conte	I-PER	O	O	O	
gli	O	O	O	O	
andò	O	O	O	O	
incontro	O	O	O	O	
.	O	O	O	O	

—	O	O	O	O	
Per	O	O	O	O	
San	B-PER	O	O	O	
Sergio	I-PER	O	O	O	
,	O	O	O	O	
quanto	O	O	O	O	
hai	O	O	O	O	
tardato	O	O	O	O	
!	O	O	O	O	

Peccato	O	O	O	O	
che	O	O	O	O	
non	O	O	O	O	
sia	O	O	O	O	
passata	O	O	O	O	
una	B-PER	O	O	O	
guardia	I-PER	O	O	O	
per	O	O	O	O	
farti	O	O	O	O	
la	O	O	O	O	
contravvenzione	O	O	O	O	
;	O	O	O	O	
io	O	O	O	O	
stesso	O	O	O	O	
l	O	O	O	O	
'	O	O	O	O	
avrei	O	O	O	O	
firmata	O	O	O	O	
.	O	O	O	O	

—	O	O	O	O	
Vostra	B-PER	O	O	O	
Alta	I-PER	O	O	O	
Nobiltà	I-PER	O	O	O	
avrebbe	O	O	O	O	
pagato	O	O	O	O	
per	O	O	O	O	
me	O	O	O	O	
,	O	O	O	O	
rispose	O	O	O	O	
con	O	O	O	O	
un	O	O	O	O	
fine	O	O	O	O	
sorriso	O	O	O	O	
il	B-PER	O	O	O	
portinaio	I-PER	O	O	O	
sotto	O	O	O	O	
la	O	O	O	O	
lunga	O	O	O	O	
barba	O	O	O	O	
grigia	O	O	O	O	
:	O	O	O	O	
ero	O	O	O	O	
fuori	O	O	O	O	
per	O	O	O	O	
i	O	O	O	O	
suoi	O	O	O	O	
ordini	O	O	O	O	
.	O	O	O	O	

